    1000 1.00e+04 3.06e+00
    1018 1.00e+04 4.35e+00
    1037 1.00e+04 4.37e+00
    1056 1.00e+04 4.23e+00
    1076 1.00e+04 3.47e+00
    1096 1.00e+04 3.43e+00
    1116 1.00e+04 3.22e+00
    1137 1.00e+04 2.96e+00
    1158 1.00e+04 2.76e+00
    1180 1.00e+04 2.64e+00
    1202 1.00e+04 2.86e+00
    1224 1.00e+04 2.82e+00
    1247 1.00e+04 2.62e+00
    1270 1.00e+04 2.30e+00
    1294 1.00e+04 2.32e+00
    1318 1.00e+04 2.34e+00
    1342 1.00e+04 2.25e+00
    1367 1.00e+04 2.29e+00
    1393 1.00e+04 2.30e+00
    1419 1.00e+04 2.34e+00
    1445 1.00e+04 2.27e+00
    1472 1.00e+04 3.17e+00
    1499 1.00e+04 3.16e+00
    1527 1.00e+04 3.02e+00
    1555 1.00e+04 3.11e+00
    1584 1.00e+04 3.14e+00
    1614 1.00e+04 2.98e+00
    1644 1.00e+04 3.09e+00
    1674 1.00e+04 3.05e+00
    1706 1.00e+04 3.06e+00
    1737 1.00e+04 3.01e+00
    1770 1.00e+04 3.07e+00
    1803 1.00e+04 3.04e+00
    1836 1.00e+04 3.04e+00
    1870 1.00e+04 3.04e+00
    1905 1.00e+04 3.09e+00
    1940 1.00e+04 2.86e+00
    1976 1.00e+04 3.03e+00
    2013 1.00e+04 3.09e+00
    2051 1.00e+04 2.89e+00
    2089 1.00e+04 3.04e+00
    2128 1.00e+04 3.07e+00
    2167 1.00e+04 3.07e+00
    2208 1.00e+04 3.08e+00
    2249 1.00e+04 3.02e+00
    2290 1.00e+04 3.19e+00
    2333 1.00e+04 3.10e+00
    2376 1.00e+04 3.14e+00
    2421 1.00e+04 3.16e+00
    2466 1.00e+04 3.15e+00
    2511 1.00e+04 3.08e+00
    2558 1.00e+04 2.89e+00
    2606 1.00e+04 3.08e+00
    2654 1.00e+04 3.10e+00
    2703 1.00e+04 3.15e+00
    2754 1.00e+04 3.13e+00
    2805 1.00e+04 3.07e+00
    2857 1.00e+04 3.08e+00
    2910 1.00e+04 3.16e+00
    2964 1.00e+04 3.12e+00
    3019 1.00e+04 2.96e+00
    3076 1.00e+04 2.95e+00
    3133 1.00e+04 3.09e+00
    3191 1.00e+04 3.13e+00
    3250 1.00e+04 3.19e+00
    3311 1.00e+04 3.09e+00
    3372 1.00e+04 3.08e+00
    3435 1.00e+04 3.05e+00
    3499 1.00e+04 3.07e+00
    3564 1.00e+04 3.08e+00
    3630 1.00e+04 2.96e+00
    3698 1.00e+04 3.10e+00
    3767 1.00e+04 3.07e+00
    3837 1.00e+04 2.97e+00
    3908 1.00e+04 3.07e+00
    3981 1.00e+04 3.02e+00
    4055 1.00e+04 2.98e+00
    4130 1.00e+04 3.02e+00
    4207 1.00e+04 3.00e+00
    4285 1.00e+04 3.13e+00
    4365 1.00e+04 3.23e+00
    4446 1.00e+04 3.00e+00
    4528 1.00e+04 3.12e+00
    4613 1.00e+04 3.10e+00
    4698 1.00e+04 3.04e+00
    4786 1.00e+04 3.11e+00
    4875 1.00e+04 3.16e+00
    4965 1.00e+04 3.31e+00
    5058 1.00e+04 3.04e+00
    5152 1.00e+04 3.27e+00
    5248 1.00e+04 3.25e+00
    5345 1.00e+04 3.23e+00
    5445 1.00e+04 3.22e+00
    5546 1.00e+04 2.91e+00
    5649 1.00e+04 3.37e+00
    5754 1.00e+04 3.07e+00
    5861 1.00e+04 3.06e+00
    5970 1.00e+04 3.02e+00
    6081 1.00e+04 3.04e+00
    6194 1.00e+04 2.90e+00
    6309 1.00e+04 2.84e+00
    6426 1.00e+04 2.80e+00
    6546 1.00e+04 2.81e+00
    6668 1.00e+04 2.94e+00
    6792 1.00e+04 2.85e+00
    6918 1.00e+04 2.63e+00
    7046 1.00e+04 2.74e+00
    7177 1.00e+04 2.89e+00
    7311 1.00e+04 2.61e+00
    7447 1.00e+04 2.66e+00
    7585 1.00e+04 2.87e+00
    7726 1.00e+04 2.52e+00
    7870 1.00e+04 2.68e+00
    8016 1.00e+04 2.63e+00
    8165 1.00e+04 2.53e+00
    8317 1.00e+04 2.50e+00
    8472 1.00e+04 2.58e+00
    8629 1.00e+04 2.43e+00
    8790 1.00e+04 2.44e+00
    8953 1.00e+04 2.38e+00
    9120 1.00e+04 2.25e+00
    9289 1.00e+04 2.22e+00
    9462 1.00e+04 2.11e+00
    9638 1.00e+04 2.00e+00
    9817 1.00e+04 2.00e+00
   10000 1.00e+04 1.96e+00
   10185 1.00e+04 1.90e+00
   10375 1.00e+04 1.98e+00
   10568 1.00e+04 1.83e+00
   10764 1.00e+04 1.79e+00
   10964 1.00e+04 1.78e+00
   11168 1.00e+04 1.79e+00
   11376 1.00e+04 1.86e+00
   11587 1.00e+04 1.82e+00
   11803 1.00e+04 1.69e+00
   12022 1.00e+04 1.67e+00
   12246 1.00e+04 1.65e+00
   12473 1.00e+04 1.69e+00
   12705 1.00e+04 1.72e+00
   12941 1.00e+04 1.64e+00
   13182 1.00e+04 1.64e+00
   13427 1.00e+04 1.65e+00
   13677 1.00e+04 1.61e+00
   13931 1.00e+04 1.56e+00
   14190 1.00e+04 1.62e+00
   14454 1.00e+04 1.56e+00
   14723 1.00e+04 1.56e+00
   14996 1.00e+04 1.65e+00
   15275 1.00e+04 1.59e+00
   15559 1.00e+04 1.55e+00
   15848 1.00e+04 1.57e+00
   16143 1.00e+04 1.57e+00
   16443 1.00e+04 1.59e+00
   16749 1.00e+04 1.62e+00
   17060 1.00e+04 1.54e+00
   17378 1.00e+04 1.55e+00
   17701 1.00e+04 1.55e+00
   18030 1.00e+04 1.53e+00
   18365 1.00e+04 1.57e+00
   18706 1.00e+04 1.54e+00
   19054 1.00e+04 1.54e+00
   19408 1.00e+04 1.57e+00
   19769 1.00e+04 1.54e+00
   20137 1.00e+04 1.52e+00
   20511 1.00e+04 1.51e+00
   20892 1.00e+04 1.55e+00
   21281 1.00e+04 1.52e+00
   21677 1.00e+04 1.53e+00
   22080 1.00e+04 1.50e+00
   22490 1.00e+04 1.49e+00
   22908 1.00e+04 1.52e+00
   23334 1.00e+04 1.49e+00
   23768 1.00e+04 1.50e+00
   24210 1.00e+04 1.50e+00
   24660 1.00e+04 1.52e+00
   25118 1.00e+04 1.53e+00
   25585 1.00e+04 1.57e+00
   26061 1.00e+04 1.54e+00
   26546 1.00e+04 1.53e+00
   27039 1.00e+04 1.53e+00
   27542 1.00e+04 1.54e+00
   28054 1.00e+04 1.54e+00
   28575 1.00e+04 1.54e+00
   29107 1.00e+04 1.54e+00
   29648 1.00e+04 1.53e+00
   30199 1.00e+04 1.53e+00
   30760 1.00e+04 1.49e+00
   31332 1.00e+04 1.46e+00
   31915 1.00e+04 1.50e+00
   32508 1.00e+04 1.52e+00
   33113 1.00e+04 1.50e+00
   33728 1.00e+04 1.53e+00
   34355 1.00e+04 1.54e+00
   34994 1.00e+04 1.54e+00
   35645 1.00e+04 1.53e+00
   36307 1.00e+04 1.52e+00
   36982 1.00e+04 1.49e+00
   37670 1.00e+04 1.51e+00
   38370 9.91e+03 1.52e+00
   39084 9.46e+03 1.48e+00
   39810 9.40e+03 1.50e+00
   40550 9.28e+03 1.51e+00
   41304 9.15e+03 1.51e+00
   42072 8.80e+03 1.48e+00
   42854 8.82e+03 1.51e+00
   43651 8.79e+03 1.53e+00
   44463 8.55e+03 1.52e+00
   45289 8.44e+03 1.53e+00
   46131 8.29e+03 1.53e+00
   46989 8.14e+03 1.53e+00
   47863 7.97e+03 1.53e+00
   48752 7.83e+03 1.53e+00
   49659 7.68e+03 1.53e+00
   50582 7.57e+03 1.53e+00
   51522 7.39e+03 1.52e+00
   52480 7.31e+03 1.54e+00
   53456 7.16e+03 1.53e+00
   54450 7.04e+03 1.53e+00
   55462 6.87e+03 1.52e+00
   56493 6.78e+03 1.53e+00
   57543 6.63e+03 1.53e+00
   58613 6.49e+03 1.52e+00
   59703 6.38e+03 1.52e+00
   60813 6.34e+03 1.54e+00
   61944 6.14e+03 1.52e+00
   63095 6.08e+03 1.53e+00
   64268 5.96e+03 1.53e+00
   65463 5.68e+03 1.49e+00
   66680 5.62e+03 1.50e+00
   67920 5.42e+03 1.47e+00
   69183 5.44e+03 1.51e+00
   70469 5.31e+03 1.50e+00
   71779 5.21e+03 1.50e+00
   73113 5.24e+03 1.53e+00
   74473 5.12e+03 1.52e+00
   75857 5.06e+03 1.54e+00
   77268 4.96e+03 1.53e+00
   78704 4.87e+03 1.53e+00
   80167 4.76e+03 1.53e+00
   81658 4.71e+03 1.54e+00
   83176 4.60e+03 1.53e+00
   84722 4.52e+03 1.53e+00
   86297 4.43e+03 1.53e+00
   87902 4.37e+03 1.54e+00
   89536 4.24e+03 1.52e+00
   91201 4.18e+03 1.52e+00
   92896 4.10e+03 1.53e+00
   94623 4.05e+03 1.53e+00
   96382 3.95e+03 1.52e+00
   98174 3.90e+03 1.53e+00
  100000 3.83e+03 1.53e+00
  101859 3.76e+03 1.53e+00
  103752 3.66e+03 1.52e+00
  105681 3.60e+03 1.52e+00
  107646 3.52e+03 1.52e+00
  109647 3.46e+03 1.52e+00
  111686 3.41e+03 1.52e+00
  113762 3.37e+03 1.53e+00
  115877 3.28e+03 1.52e+00
  118032 3.22e+03 1.52e+00
  120226 3.16e+03 1.52e+00
  122461 3.09e+03 1.52e+00
  124738 3.02e+03 1.51e+00
  127057 2.97e+03 1.51e+00
  129419 2.92e+03 1.51e+00
  131825 2.85e+03 1.50e+00
  134276 2.77e+03 1.49e+00
  136772 2.70e+03 1.48e+00
  139315 2.63e+03 1.46e+00
  141905 2.55e+03 1.45e+00
  144543 2.49e+03 1.44e+00
  147231 2.44e+03 1.43e+00
  149968 2.38e+03 1.43e+00
  152756 2.32e+03 1.42e+00
  155596 2.29e+03 1.42e+00
  158489 2.24e+03 1.42e+00
  161435 2.20e+03 1.42e+00
  164437 2.17e+03 1.43e+00
  167494 2.12e+03 1.42e+00
  170608 2.09e+03 1.43e+00
  173780 2.04e+03 1.42e+00
  177010 2.01e+03 1.42e+00
  180301 1.98e+03 1.43e+00
  183653 1.96e+03 1.44e+00
  187068 1.91e+03 1.43e+00
  190546 1.89e+03 1.44e+00
  194088 1.86e+03 1.44e+00
  197696 1.81e+03 1.43e+00
  201372 1.78e+03 1.43e+00
  205116 1.75e+03 1.43e+00
  208929 1.72e+03 1.43e+00
  212813 1.68e+03 1.43e+00
  216770 1.65e+03 1.43e+00
  220800 1.61e+03 1.42e+00
  224905 1.59e+03 1.43e+00
  229086 1.56e+03 1.43e+00
  233345 1.53e+03 1.43e+00
  237684 1.50e+03 1.43e+00
  242102 1.48e+03 1.44e+00
  246603 1.45e+03 1.43e+00
  251188 1.42e+03 1.42e+00
  255858 1.39e+03 1.42e+00
  260615 1.35e+03 1.41e+00
  265460 1.34e+03 1.43e+00
  270395 1.32e+03 1.42e+00
  275422 1.31e+03 1.44e+00
  280543 1.28e+03 1.44e+00
  285759 1.26e+03 1.44e+00
  291071 1.24e+03 1.44e+00
  296483 1.22e+03 1.45e+00
  301995 1.20e+03 1.44e+00
  307609 1.18e+03 1.45e+00
  313328 1.15e+03 1.44e+00
  319153 1.13e+03 1.44e+00
  325087 1.11e+03 1.44e+00
  331131 1.10e+03 1.45e+00
  337287 1.07e+03 1.44e+00
  343557 1.05e+03 1.44e+00
  349945 1.04e+03 1.45e+00
  356451 1.01e+03 1.45e+00
  363078 9.94e+02 1.44e+00
  369828 9.75e+02 1.44e+00
  376703 9.58e+02 1.44e+00
  383707 9.43e+02 1.45e+00
  390840 9.26e+02 1.45e+00
  398107 9.09e+02 1.45e+00
  405508 8.93e+02 1.45e+00
  413047 8.75e+02 1.44e+00
  420726 8.54e+02 1.44e+00
  428548 8.46e+02 1.45e+00
  436515 8.29e+02 1.45e+00
  444631 8.18e+02 1.45e+00
  452897 7.98e+02 1.44e+00
  461317 7.84e+02 1.45e+00
  469894 7.65e+02 1.44e+00
  478630 7.54e+02 1.44e+00
  487528 7.36e+02 1.43e+00
  496592 7.22e+02 1.43e+00
  505824 7.12e+02 1.44e+00
  515228 6.94e+02 1.43e+00
  524807 6.64e+02 1.39e+00
  534564 6.58e+02 1.41e+00
  544502 6.63e+02 1.44e+00
  554625 6.54e+02 1.45e+00
  564936 6.31e+02 1.42e+00
  575439 6.29e+02 1.45e+00
  586138 6.07e+02 1.42e+00
  597035 6.10e+02 1.46e+00
  608135 5.98e+02 1.45e+00
  619441 5.86e+02 1.45e+00
  630957 5.75e+02 1.45e+00
  642687 5.62e+02 1.44e+00
  654636 5.53e+02 1.45e+00
  666806 5.45e+02 1.45e+00
  679203 5.34e+02 1.45e+00
  691830 4.46e+02 1.23e+00
  704693 5.22e+02 1.47e+00
  717794 5.09e+02 1.46e+00
  731139 4.93e+02 1.44e+00
  744731 4.91e+02 1.46e+00
  758577 4.73e+02 1.43e+00
  772680 4.52e+02 1.39e+00
  787045 4.23e+02 1.33e+00
  801678 4.54e+02 1.45e+00
  816582 4.37e+02 1.43e+00
  831763 4.32e+02 1.44e+00
  847227 4.15e+02 1.40e+00
  862978 4.13e+02 1.42e+00
  879022 3.92e+02 1.38e+00
  895364 3.88e+02 1.39e+00
  912010 3.62e+02 1.32e+00
  928966 3.67e+02 1.36e+00
  946237 2.94e+02 1.11e+00
  963829 3.28e+02 1.26e+00
  981747 3.02e+02 1.18e+00
 1000000 3.13e+02 1.25e+00
 1018591 2.76e+02 1.12e+00
 1037528 2.73e+02 1.13e+00
 1056817 2.36e+02 9.94e-01
 1076465 2.33e+02 1.00e+00
 1096478 2.11e+02 9.22e-01
 1116863 2.15e+02 9.58e-01
 1137627 1.98e+02 8.99e-01
 1158777 1.97e+02 9.09e-01
 1180320 1.78e+02 8.40e-01
 1202264 1.86e+02 8.94e-01
 1224616 1.66e+02 8.09e-01
 1247383 1.59e+02 7.91e-01
 1270574 1.48e+02 7.52e-01
 1294195 1.51e+02 7.76e-01
 1318256 1.35e+02 7.10e-01
 1342764 1.30e+02 6.98e-01
 1367728 1.19e+02 6.48e-01
 1393156 1.27e+02 7.05e-01
 1419057 1.20e+02 6.81e-01
 1445439 1.18e+02 6.77e-01
 1472312 1.12e+02 6.59e-01
 1499684 1.11e+02 6.60e-01
 1527566 1.05e+02 6.40e-01
 1555965 1.04e+02 6.45e-01
 1584893 9.80e+01 6.20e-01
 1614358 9.70e+01 6.24e-01
 1644371 9.50e+01 6.19e-01
 1674942 9.10e+01 6.10e-01
 1706082 9.00e+01 6.10e-01
 1737800 8.90e+01 6.17e-01
 1770108 8.50e+01 5.96e-01
 1803017 8.30e+01 5.92e-01
 1836538 8.10e+01 5.91e-01
 1870682 8.00e+01 5.93e-01
 1905460 7.70e+01 5.87e-01
 1940885 7.70e+01 5.94e-01
 1976969 7.60e+01 5.93e-01
 2013724 7.30e+01 5.86e-01
 2051162 7.20e+01 5.87e-01
 2089296 7.10e+01 5.90e-01
 2128139 6.90e+01 5.81e-01
 2167704 6.80e+01 5.81e-01
 2208004 6.70e+01 5.87e-01
 2249054 6.60e+01 5.89e-01
 2290867 6.50e+01 5.95e-01
 2333458 6.40e+01 5.88e-01
 2376840 6.30e+01 5.93e-01
 2421029 6.10e+01 5.90e-01
 2466039 6.10e+01 5.95e-01
 2511886 5.90e+01 5.92e-01
 2558585 5.90e+01 5.94e-01
 2606153 5.70e+01 5.92e-01
 2654605 5.60e+01 5.91e-01
 2703958 5.50e+01 5.86e-01
 2754228 5.40e+01 5.90e-01
 2805433 5.30e+01 5.89e-01
 2857590 5.20e+01 5.89e-01
 2910717 5.10e+01 5.94e-01
 2964831 5.00e+01 5.91e-01
 3019951 5.00e+01 5.97e-01
 3076096 4.90e+01 5.94e-01
 3133285 4.80e+01 5.94e-01
 3191537 4.70e+01 5.95e-01
 3250872 4.60e+01 5.97e-01
 3311311 4.60e+01 5.97e-01
 3372873 4.50e+01 6.00e-01
 3435579 4.40e+01 5.96e-01
 3499451 4.30e+01 5.95e-01
 3564511 4.20e+01 5.91e-01
 3630780 4.10e+01 5.91e-01
 3698281 4.00e+01 5.82e-01
 3767037 4.00e+01 5.91e-01
 3837072 3.90e+01 5.88e-01
 3908408 3.80e+01 5.85e-01
 3981071 3.70e+01 5.85e-01
 4055085 3.70e+01 5.95e-01
 4130475 3.70e+01 6.03e-01
 4207266 3.60e+01 5.96e-01
 4285485 3.60e+01 6.04e-01
 4365158 3.50e+01 5.98e-01
 4446312 3.40e+01 5.98e-01
 4528975 3.40e+01 6.04e-01
 4613175 3.30e+01 6.04e-01
 4698941 3.30e+01 6.04e-01
 4786300 3.20e+01 5.95e-01
 4875284 3.10e+01 5.93e-01
 4965923 3.00e+01 5.95e-01
 5058246 3.00e+01 5.94e-01
 5152286 2.90e+01 5.91e-01
 5248074 2.90e+01 6.02e-01
 5345643 2.80e+01 5.94e-01
 5445026 2.80e+01 5.95e-01
 5546257 2.80e+01 6.02e-01
 5649369 2.70e+01 5.98e-01
 5754399 2.60e+01 5.98e-01
 5861381 2.60e+01 5.96e-01
 5970352 2.60e+01 6.00e-01
 6081350 2.50e+01 6.05e-01
 6194410 2.50e+01 6.04e-01
 6309573 2.50e+01 6.09e-01
 6426877 2.40e+01 6.12e-01
 6546361 2.40e+01 6.14e-01
 6668067 2.30e+01 6.00e-01
 6792036 2.30e+01 6.11e-01
 6918309 2.30e+01 6.13e-01
 7046930 2.20e+01 6.13e-01
 7177942 2.20e+01 6.11e-01
 7311390 2.10e+01 6.10e-01
 7447319 2.10e+01 6.16e-01
 7585775 2.10e+01 6.08e-01
 7726805 2.00e+01 6.07e-01
 7870457 2.00e+01 6.18e-01
 8016780 2.00e+01 6.14e-01
 8165823 1.90e+01 6.19e-01
 8317637 1.90e+01 6.11e-01
 8472274 1.90e+01 6.13e-01
 8629785 1.80e+01 6.15e-01
 8790225 1.80e+01 6.19e-01
 8953647 1.70e+01 5.98e-01
 9120108 1.70e+01 6.10e-01
 9289663 1.70e+01 5.99e-01
 9462371 1.70e+01 6.19e-01
 9638290 1.70e+01 6.18e-01
 9817479 1.60e+01 6.17e-01
