    1000 1.00e+04 3.23e+00
    1018 1.00e+04 2.76e+00
    1037 1.00e+04 3.13e+00
    1056 1.00e+04 2.80e+00
    1076 1.00e+04 2.68e+00
    1096 1.00e+04 2.57e+00
    1116 1.00e+04 2.54e+00
    1137 1.00e+04 2.39e+00
    1158 1.00e+04 2.26e+00
    1180 1.00e+04 2.21e+00
    1202 1.00e+04 2.24e+00
    1224 1.00e+04 2.20e+00
    1247 1.00e+04 2.20e+00
    1270 1.00e+04 2.21e+00
    1294 1.00e+04 2.32e+00
    1318 1.00e+04 2.32e+00
    1342 1.00e+04 2.29e+00
    1367 1.00e+04 2.31e+00
    1393 1.00e+04 2.31e+00
    1419 1.00e+04 2.30e+00
    1445 1.00e+04 3.11e+00
    1472 1.00e+04 3.37e+00
    1499 1.00e+04 2.92e+00
    1527 1.00e+04 2.81e+00
    1555 1.00e+04 2.90e+00
    1584 1.00e+04 2.97e+00
    1614 1.00e+04 3.17e+00
    1644 1.00e+04 3.33e+00
    1674 1.00e+04 3.29e+00
    1706 1.00e+04 3.16e+00
    1737 1.00e+04 3.12e+00
    1770 1.00e+04 3.06e+00
    1803 1.00e+04 3.39e+00
    1836 1.00e+04 3.18e+00
    1870 1.00e+04 3.14e+00
    1905 1.00e+04 3.23e+00
    1940 1.00e+04 3.32e+00
    1976 1.00e+04 3.30e+00
    2013 1.00e+04 3.30e+00
    2051 1.00e+04 3.21e+00
    2089 1.00e+04 3.12e+00
    2128 1.00e+04 3.18e+00
    2167 1.00e+04 3.39e+00
    2208 1.00e+04 3.42e+00
    2249 1.00e+04 3.30e+00
    2290 1.00e+04 3.31e+00
    2333 1.00e+04 3.24e+00
    2376 1.00e+04 3.46e+00
    2421 1.00e+04 3.47e+00
    2466 1.00e+04 3.20e+00
    2511 1.00e+04 3.27e+00
    2558 1.00e+04 3.24e+00
    2606 1.00e+04 3.24e+00
    2654 1.00e+04 3.46e+00
    2703 1.00e+04 3.44e+00
    2754 1.00e+04 3.47e+00
    2805 1.00e+04 3.33e+00
    2857 1.00e+04 3.17e+00
    2910 1.00e+04 3.41e+00
    2964 1.00e+04 3.46e+00
    3019 1.00e+04 3.50e+00
    3076 1.00e+04 3.32e+00
    3133 1.00e+04 3.28e+00
    3191 1.00e+04 3.47e+00
    3250 1.00e+04 3.51e+00
    3311 1.00e+04 3.30e+00
    3372 1.00e+04 3.20e+00
    3435 1.00e+04 3.52e+00
    3499 1.00e+04 3.52e+00
    3564 1.00e+04 3.44e+00
    3630 1.00e+04 3.28e+00
    3698 1.00e+04 3.35e+00
    3767 1.00e+04 3.36e+00
    3837 1.00e+04 3.35e+00
    3908 1.00e+04 3.49e+00
    3981 1.00e+04 3.49e+00
    4055 1.00e+04 3.28e+00
    4130 1.00e+04 3.46e+00
    4207 1.00e+04 3.24e+00
    4285 1.00e+04 3.14e+00
    4365 1.00e+04 3.52e+00
    4446 1.00e+04 3.52e+00
    4528 1.00e+04 3.22e+00
    4613 1.00e+04 3.10e+00
    4698 1.00e+04 3.29e+00
    4786 1.00e+04 3.34e+00
    4875 1.00e+04 3.29e+00
    4965 1.00e+04 3.33e+00
    5058 1.00e+04 3.45e+00
    5152 1.00e+04 3.52e+00
    5248 1.00e+04 3.55e+00
    5345 1.00e+04 3.48e+00
    5445 1.00e+04 3.30e+00
    5546 1.00e+04 3.23e+00
    5649 1.00e+04 3.50e+00
    5754 1.00e+04 3.57e+00
    5861 1.00e+04 3.37e+00
    5970 1.00e+04 3.24e+00
    6081 1.00e+04 3.42e+00
    6194 1.00e+04 3.40e+00
    6309 1.00e+04 3.10e+00
    6426 1.00e+04 3.16e+00
    6546 1.00e+04 3.26e+00
    6668 1.00e+04 3.06e+00
    6792 1.00e+04 3.33e+00
    6918 1.00e+04 3.08e+00
    7046 1.00e+04 3.17e+00
    7177 1.00e+04 2.71e+00
    7311 1.00e+04 2.65e+00
    7447 1.00e+04 2.86e+00
    7585 1.00e+04 2.48e+00
    7726 1.00e+04 2.62e+00
    7870 1.00e+04 2.57e+00
    8016 1.00e+04 2.61e+00
    8165 1.00e+04 2.58e+00
    8317 1.00e+04 2.59e+00
    8472 1.00e+04 2.72e+00
    8629 1.00e+04 2.63e+00
    8790 1.00e+04 2.61e+00
    8953 1.00e+04 2.47e+00
    9120 1.00e+04 2.46e+00
    9289 1.00e+04 2.47e+00
    9462 1.00e+04 2.43e+00
    9638 1.00e+04 2.23e+00
    9817 1.00e+04 2.37e+00
   10000 1.00e+04 2.16e+00
   10185 1.00e+04 2.24e+00
   10375 1.00e+04 2.30e+00
   10568 1.00e+04 2.21e+00
   10764 1.00e+04 2.08e+00
   10964 1.00e+04 2.04e+00
   11168 1.00e+04 2.03e+00
   11376 1.00e+04 1.80e+00
   11587 1.00e+04 1.84e+00
   11803 1.00e+04 1.81e+00
   12022 1.00e+04 1.83e+00
   12246 1.00e+04 1.81e+00
   12473 1.00e+04 1.87e+00
   12705 1.00e+04 1.87e+00
   12941 1.00e+04 1.79e+00
   13182 1.00e+04 1.76e+00
   13427 1.00e+04 1.76e+00
   13677 1.00e+04 1.79e+00
   13931 1.00e+04 1.77e+00
   14190 1.00e+04 1.75e+00
   14454 1.00e+04 1.77e+00
   14723 1.00e+04 1.70e+00
   14996 1.00e+04 1.69e+00
   15275 1.00e+04 1.71e+00
   15559 1.00e+04 1.73e+00
   15848 1.00e+04 1.69e+00
   16143 1.00e+04 1.70e+00
   16443 1.00e+04 1.64e+00
   16749 1.00e+04 1.70e+00
   17060 1.00e+04 1.69e+00
   17378 1.00e+04 1.69e+00
   17701 1.00e+04 1.69e+00
   18030 1.00e+04 1.65e+00
   18365 1.00e+04 1.70e+00
   18706 1.00e+04 1.69e+00
   19054 1.00e+04 1.70e+00
   19408 1.00e+04 1.68e+00
   19769 1.00e+04 1.66e+00
   20137 1.00e+04 1.70e+00
   20511 1.00e+04 1.69e+00
   20892 1.00e+04 1.69e+00
   21281 1.00e+04 1.66e+00
   21677 1.00e+04 1.70e+00
   22080 1.00e+04 1.68e+00
   22490 1.00e+04 1.69e+00
   22908 1.00e+04 1.67e+00
   23334 1.00e+04 1.69e+00
   23768 1.00e+04 1.69e+00
   24210 1.00e+04 1.66e+00
   24660 1.00e+04 1.68e+00
   25118 1.00e+04 1.70e+00
   25585 1.00e+04 1.68e+00
   26061 1.00e+04 1.67e+00
   26546 1.00e+04 1.69e+00
   27039 1.00e+04 1.68e+00
   27542 1.00e+04 1.67e+00
   28054 1.00e+04 1.69e+00
   28575 1.00e+04 1.68e+00
   29107 1.00e+04 1.68e+00
   29648 1.00e+04 1.69e+00
   30199 1.00e+04 1.68e+00
   30760 1.00e+04 1.67e+00
   31332 1.00e+04 1.69e+00
   31915 1.00e+04 1.68e+00
   32508 1.00e+04 1.68e+00
   33113 1.00e+04 1.69e+00
   33728 1.00e+04 1.67e+00
   34355 1.00e+04 1.69e+00
   34994 1.00e+04 1.68e+00
   35645 1.00e+04 1.68e+00
   36307 1.00e+04 1.69e+00
   36982 1.00e+04 1.68e+00
   37670 1.00e+04 1.69e+00
   38370 1.00e+04 1.68e+00
   39084 1.00e+04 1.70e+00
   39810 1.00e+04 1.67e+00
   40550 1.00e+04 1.70e+00
   41304 1.00e+04 1.67e+00
   42072 1.00e+04 1.69e+00
   42854 9.77e+03 1.68e+00
   43651 9.70e+03 1.69e+00
   44463 9.45e+03 1.68e+00
   45289 9.27e+03 1.68e+00
   46131 9.08e+03 1.68e+00
   46989 9.02e+03 1.69e+00
   47863 8.61e+03 1.65e+00
   48752 8.47e+03 1.65e+00
   49659 8.45e+03 1.68e+00
   50582 8.35e+03 1.69e+00
   51522 7.93e+03 1.63e+00
   52480 7.83e+03 1.64e+00
   53456 7.78e+03 1.66e+00
   54450 7.67e+03 1.67e+00
   55462 7.39e+03 1.64e+00
   56493 7.46e+03 1.69e+00
   57543 7.29e+03 1.68e+00
   58613 7.18e+03 1.68e+00
   59703 7.04e+03 1.68e+00
   60813 6.93e+03 1.68e+00
   61944 6.78e+03 1.68e+00
   63095 6.68e+03 1.69e+00
   64268 6.56e+03 1.69e+00
   65463 6.42e+03 1.68e+00
   66680 6.32e+03 1.68e+00
   67920 6.18e+03 1.68e+00
   69183 6.10e+03 1.69e+00
   70469 5.97e+03 1.68e+00
   71779 5.87e+03 1.68e+00
   73113 5.75e+03 1.68e+00
   74473 5.65e+03 1.68e+00
   75857 5.55e+03 1.68e+00
   77268 5.45e+03 1.68e+00
   78704 5.32e+03 1.67e+00
   80167 5.27e+03 1.69e+00
   81658 5.14e+03 1.68e+00
   83176 5.09e+03 1.69e+00
   84722 4.95e+03 1.68e+00
   86297 4.91e+03 1.69e+00
   87902 4.77e+03 1.68e+00
   89536 4.72e+03 1.69e+00
   91201 4.58e+03 1.67e+00
   92896 4.55e+03 1.69e+00
   94623 4.42e+03 1.67e+00
   96382 4.40e+03 1.69e+00
   98174 4.25e+03 1.67e+00
  100000 4.24e+03 1.70e+00
  101859 4.07e+03 1.66e+00
  103752 4.08e+03 1.69e+00
  105681 3.92e+03 1.66e+00
  107646 3.93e+03 1.69e+00
  109647 3.80e+03 1.67e+00
  111686 3.80e+03 1.70e+00
  113762 3.64e+03 1.66e+00
  115877 3.65e+03 1.69e+00
  118032 3.52e+03 1.66e+00
  120226 3.50e+03 1.68e+00
  122461 3.38e+03 1.66e+00
  124738 3.38e+03 1.68e+00
  127057 3.25e+03 1.65e+00
  129419 3.25e+03 1.68e+00
  131825 3.09e+03 1.63e+00
  134276 3.07e+03 1.65e+00
  136772 2.91e+03 1.59e+00
  139315 2.89e+03 1.61e+00
  141905 2.75e+03 1.56e+00
  144543 2.70e+03 1.56e+00
  147231 2.57e+03 1.51e+00
  149968 2.55e+03 1.53e+00
  152756 2.47e+03 1.51e+00
  155596 2.47e+03 1.54e+00
  158489 2.39e+03 1.51e+00
  161435 2.38e+03 1.54e+00
  164437 2.29e+03 1.51e+00
  167494 2.29e+03 1.54e+00
  170608 2.21e+03 1.51e+00
  173780 2.21e+03 1.54e+00
  177010 2.14e+03 1.52e+00
  180301 2.13e+03 1.54e+00
  183653 2.06e+03 1.51e+00
  187068 2.06e+03 1.54e+00
  190546 2.00e+03 1.52e+00
  194088 1.99e+03 1.55e+00
  197696 1.92e+03 1.51e+00
  201372 1.93e+03 1.55e+00
  205116 1.85e+03 1.52e+00
  208929 1.86e+03 1.55e+00
  212813 1.79e+03 1.52e+00
  216770 1.80e+03 1.56e+00
  220800 1.73e+03 1.53e+00
  224905 1.74e+03 1.56e+00
  229086 1.67e+03 1.53e+00
  233345 1.67e+03 1.56e+00
  237684 1.61e+03 1.53e+00
  242102 1.61e+03 1.56e+00
  246603 1.56e+03 1.54e+00
  251188 1.56e+03 1.56e+00
  255858 1.49e+03 1.52e+00
  260615 1.49e+03 1.55e+00
  265460 1.44e+03 1.52e+00
  270395 1.37e+03 1.48e+00
  275422 1.36e+03 1.50e+00
  280543 1.35e+03 1.51e+00
  285759 1.31e+03 1.50e+00
  291071 1.34e+03 1.56e+00
  296483 1.29e+03 1.53e+00
  301995 1.28e+03 1.55e+00
  307609 1.24e+03 1.52e+00
  313328 1.24e+03 1.56e+00
  319153 1.20e+03 1.53e+00
  325087 1.20e+03 1.57e+00
  331131 1.16e+03 1.53e+00
  337287 1.14e+03 1.53e+00
  343557 1.11e+03 1.52e+00
  349945 1.12e+03 1.57e+00
  356451 1.09e+03 1.56e+00
  363078 1.09e+03 1.58e+00
  369828 1.06e+03 1.57e+00
  376703 1.05e+03 1.59e+00
  383707 1.02e+03 1.56e+00
  390840 1.00e+03 1.57e+00
  398107 9.52e+02 1.51e+00
  405508 9.73e+02 1.58e+00
  413047 9.42e+02 1.56e+00
  420726 9.39e+02 1.58e+00
  428548 9.14e+02 1.57e+00
  436515 9.10e+02 1.59e+00
  444631 8.93e+02 1.59e+00
  452897 8.78e+02 1.59e+00
  461317 8.48e+02 1.56e+00
  469894 8.51e+02 1.60e+00
  478630 8.20e+02 1.57e+00
  487528 8.23e+02 1.60e+00
  496592 7.94e+02 1.58e+00
  505824 7.91e+02 1.60e+00
  515228 7.68e+02 1.58e+00
  524807 7.64e+02 1.60e+00
  534564 7.45e+02 1.59e+00
  544502 7.34e+02 1.60e+00
  554625 7.18e+02 1.59e+00
  564936 7.11e+02 1.61e+00
  575439 6.92e+02 1.59e+00
  586138 6.87e+02 1.61e+00
  597035 6.65e+02 1.59e+00
  608135 6.65e+02 1.62e+00
  619441 6.44e+02 1.59e+00
  630957 6.40e+02 1.61e+00
  642687 6.20e+02 1.59e+00
  654636 6.19e+02 1.62e+00
  666806 6.00e+02 1.60e+00
  679203 5.94e+02 1.61e+00
  691830 5.74e+02 1.59e+00
  704693 5.70e+02 1.61e+00
  717794 5.50e+02 1.58e+00
  731139 5.50e+02 1.61e+00
  744731 5.26e+02 1.56e+00
  758577 5.22e+02 1.58e+00
  772680 5.00e+02 1.54e+00
  787045 4.95e+02 1.56e+00
  801678 4.75e+02 1.52e+00
  816582 4.76e+02 1.55e+00
  831763 4.50e+02 1.50e+00
  847227 4.40e+02 1.49e+00
  862978 4.33e+02 1.49e+00
  879022 4.14e+02 1.45e+00
  895364 3.99e+02 1.43e+00
  912010 3.86e+02 1.41e+00
  928966 3.68e+02 1.36e+00
  946237 3.49e+02 1.32e+00
  963829 3.28e+02 1.26e+00
  981747 2.64e+02 1.03e+00
 1000000 2.54e+02 1.02e+00
 1018591 2.55e+02 1.04e+00
 1037528 2.30e+02 9.54e-01
 1056817 2.49e+02 1.05e+00
 1076465 2.41e+02 1.04e+00
 1096478 2.32e+02 1.02e+00
 1116863 2.21e+02 9.85e-01
 1137627 2.11e+02 9.58e-01
 1158777 1.99e+02 9.20e-01
 1180320 1.92e+02 9.06e-01
 1202264 1.80e+02 8.62e-01
 1224616 1.76e+02 8.61e-01
 1247383 1.69e+02 8.43e-01
 1270574 1.66e+02 8.42e-01
 1294195 1.57e+02 8.12e-01
 1318256 1.55e+02 8.14e-01
 1342764 1.40e+02 7.49e-01
 1367728 1.42e+02 7.74e-01
 1393156 1.36e+02 7.58e-01
 1419057 1.33e+02 7.50e-01
 1445439 1.26e+02 7.27e-01
 1472312 1.25e+02 7.35e-01
 1499684 1.21e+02 7.24e-01
 1527566 1.19e+02 7.23e-01
 1555965 1.16e+02 7.19e-01
 1584893 1.12e+02 7.09e-01
 1614358 1.10e+02 7.07e-01
 1644371 1.08e+02 7.06e-01
 1674942 1.05e+02 7.00e-01
 1706082 1.03e+02 6.97e-01
 1737800 1.01e+02 6.99e-01
 1770108 9.80e+01 6.90e-01
 1803017 9.70e+01 6.94e-01
 1836538 9.30e+01 6.80e-01
 1870682 9.20e+01 6.85e-01
 1905460 8.90e+01 6.78e-01
 1940885 8.80e+01 6.79e-01
 1976969 8.60e+01 6.77e-01
 2013724 8.40e+01 6.77e-01
 2051162 8.30e+01 6.79e-01
 2089296 8.10e+01 6.73e-01
 2128139 7.90e+01 6.72e-01
 2167704 7.70e+01 6.63e-01
 2208004 7.50e+01 6.55e-01
 2249054 7.40e+01 6.62e-01
 2290867 7.20e+01 6.57e-01
 2333458 7.30e+01 6.78e-01
 2376840 7.10e+01 6.72e-01
 2421029 7.00e+01 6.76e-01
 2466039 6.60e+01 6.51e-01
 2511886 6.80e+01 6.74e-01
 2558585 6.60e+01 6.70e-01
 2606153 6.40e+01 6.66e-01
 2654605 6.30e+01 6.63e-01
 2703958 6.20e+01 6.63e-01
 2754228 6.00e+01 6.55e-01
 2805433 6.00e+01 6.68e-01
 2857590 6.00e+01 6.77e-01
 2910717 5.70e+01 6.61e-01
 2964831 5.70e+01 6.68e-01
 3019951 5.50e+01 6.64e-01
 3076096 5.50e+01 6.65e-01
 3133285 5.20e+01 6.47e-01
 3191537 5.30e+01 6.70e-01
 3250872 5.20e+01 6.66e-01
 3311311 5.10e+01 6.73e-01
 3372873 5.00e+01 6.70e-01
 3435579 5.00e+01 6.83e-01
 3499451 4.80e+01 6.71e-01
 3564511 4.80e+01 6.72e-01
 3630780 4.70e+01 6.77e-01
 3698281 4.60e+01 6.74e-01
 3767037 4.60e+01 6.79e-01
 3837072 4.50e+01 6.78e-01
 3908408 4.40e+01 6.75e-01
 3981071 4.30e+01 6.69e-01
 4055085 3.90e+01 6.24e-01
 4130475 4.00e+01 6.57e-01
 4207266 4.00e+01 6.69e-01
 4285485 3.90e+01 6.62e-01
 4365158 3.80e+01 6.59e-01
 4446312 3.70e+01 6.53e-01
 4528975 3.70e+01 6.66e-01
 4613175 3.70e+01 6.66e-01
 4698941 3.60e+01 6.65e-01
 4786300 3.50e+01 6.61e-01
 4875284 3.40e+01 6.62e-01
 4965923 3.40e+01 6.69e-01
 5058246 3.30e+01 6.56e-01
 5152286 3.30e+01 6.65e-01
 5248074 3.20e+01 6.64e-01
 5345643 3.20e+01 6.68e-01
 5445026 3.10e+01 6.58e-01
 5546257 2.90e+01 6.29e-01
 5649369 2.90e+01 6.48e-01
 5754399 2.80e+01 6.23e-01
 5861381 2.80e+01 6.40e-01
 5970352 2.80e+01 6.49e-01
 6081350 2.80e+01 6.58e-01
 6194410 2.70e+01 6.65e-01
 6309573 2.60e+01 6.43e-01
 6426877 2.60e+01 6.46e-01
 6546361 2.50e+01 6.40e-01
 6668067 2.40e+01 6.31e-01
 6792036 2.40e+01 6.33e-01
 6918309 2.40e+01 6.50e-01
 7046930 2.30e+01 6.44e-01
 7177942 2.30e+01 6.43e-01
 7311390 2.30e+01 6.55e-01
 7447319 2.30e+01 6.61e-01
 7585775 2.20e+01 6.56e-01
 7726805 2.20e+01 6.60e-01
 7870457 2.10e+01 6.57e-01
 8016780 2.10e+01 6.66e-01
 8165823 2.10e+01 6.63e-01
 8317637 2.10e+01 6.71e-01
 8472274 2.00e+01 6.64e-01
 8629785 2.00e+01 6.62e-01
 8790225 1.90e+01 6.61e-01
 8953647 1.90e+01 6.49e-01
 9120108 1.80e+01 6.38e-01
 9289663 1.80e+01 6.35e-01
 9462371 1.70e+01 6.41e-01
 9638290 1.80e+01 6.57e-01
 9817479 1.70e+01 6.31e-01
