          20   592.97253422927417     
          40   715.39313637140333     
          60   748.87240078743446     
          80   1906.3462717309160     
         100   1283.1707662941953     
         120   1065.2043777120161     
         140   1203.5717219306632     
         160   1782.2513524046972     
         180   1663.9851596774793     
         200   1049.2832607858386     
         220   1354.0808927534922     
         240   1959.0034317100049     
         260   1678.6062502710881     
         280   1496.7026961947167     
         300   1602.8567895084122     
         320   1983.1599892042921     
         340   1906.1218500290111     
         360   1038.3590961705233     
         380   1399.4837513714479     
         400   2083.4264500669906     
         420   1966.1705531879411     
         440   1863.6766721412087     
         460   1989.1517903378879     
         480   1987.4031504694772     
         500   1881.8054553492316     
         520   1749.5667614397230     
         540   1681.5451116012932     
         560   1882.1767836648573     
         580   1818.3307577692301     
         600   1737.6242838857891     
         620   1664.5318381864333     
         640   1771.9062618296587     
         660   1801.2874739472979     
         680   1279.1341368410303     
         700   1605.8092015803766     
         720   1774.1372827438111     
         740   1706.9995311580096     
         760   1622.8128147698974     
         780   1568.6981800196465     
         800   1632.2112087362532     
         820   1618.1336566973384     
         840   1607.3671907407836     
         860   1533.5203024810289     
         880   1626.2722603670293     
         900   1575.3215264049170     
         920   1153.0127981592482     
         940   1406.0778263028676     
         960   1474.0776346234186     
         980   1491.3619528415179     
        1000   1458.4104437482379     
