          20   910.21833840602744     
          40   663.28048172000069     
          60   792.10840004156171     
          80   738.03844367870886     
         100   801.19698830351501     
         120   800.19282427471046     
         140   800.64108478862181     
         160   768.87711577344169     
         180   787.07252808287444     
         200   686.35280954782161     
         220   747.98682013237465     
         240   631.82381373373698     
         260   737.11228411346110     
         280   683.30105265443535     
         300   741.33022028246535     
         320   615.25127704821614     
         340   739.36510283468044     
         360   725.51333707179958     
         380   734.07798699040052     
         400   633.06930913680787     
         420   733.54884172696131     
         440   707.34067354593833     
         460   714.58363034057879     
         480   630.67959791839951     
         500   661.71528937525738     
         520   413.86792911982434     
         540   212.73299479138208     
         560   138.93151800991521     
         580   104.16089207241237     
         600   145.48584827782332     
         620   125.36953988684208     
         640   115.66389665120575     
         660   112.27019983421370     
         680   100.62920078052737     
         700   103.80305525556065     
         720   110.76598110124461     
         740   100.17883307488763     
         760   100.71503814830163     
         780   106.33764917110200     
         800   105.89060172658778     
         820   99.486140251648877     
         840   105.00411695827100     
         860   99.228218919101778     
         880   102.22330487169809     
         900   98.976946300673220     
         920   98.908408954398197     
         940   98.796997206256478     
         960   100.00100923327190     
         980   98.547652812317850     
        1000   98.364635917573494     
