          20   902.86320310695794     
          40   1063.7961899329355     
          60   1053.0033635066559     
          80   1107.5572175995289     
         100   1149.8508642478689     
         120   1195.7103891048509     
         140   1067.6595172792074     
         160   1261.1194651877015     
         180   1301.3444916595226     
         200   1313.4707010119764     
         220   1340.9389135310078     
         240   1354.3150275547812     
         260   1362.8648952040433     
         280   1374.4144166172177     
         300   1389.6238562309672     
         320   1384.6955309230989     
         340   1408.4610862867462     
         360   1412.6464942861014     
         380   1420.7062425168356     
         400   1429.2485988879409     
         420   1432.4073930811651     
         440   1434.7031116732642     
         460   1439.3091832733583     
         480   1440.5315786516330     
         500   1451.4318745553028     
         520   1441.7429093597750     
         540   1446.8744218966256     
         560   1437.9402129960467     
         580   1439.4599885492507     
         600   1432.3800674859074     
         620   1436.6991664742529     
         640   1391.0613609707245     
         660   1417.9044204275197     
         680   1403.6693400971112     
         700   1393.9534679548519     
         720   1386.1772683691088     
         740   1359.1676116005374     
         760   1328.3187308113966     
         780   1338.3392662646468     
         800   1339.8625673637250     
         820   1337.8320156630928     
         840   1240.9830810824633     
         860   1319.7773498488737     
         880   1323.5759261385576     
         900   1329.7785670780470     
         920   1318.9519214390941     
         940   1307.3604441098419     
         960   1278.9309114574792     
         980   1159.9982654375206     
        1000   1303.7103783158152     
