          20   83.121028377389905     
          40   3139.9792923734494     
          60   3545.1826140574080     
          80   3539.6223397089580     
         100   3725.1578533220813     
         120   3405.1911425716080     
         140   3731.6611937567104     
         160   3875.1285245542854     
         180   3548.1293062735181     
         200   3109.7615609442455     
         220   2969.0045737539676     
         240   2992.4751718518478     
         260   2928.2189995678364     
         280   2992.5788625185778     
         300   2984.8627660005150     
         320   2946.0123105336188     
         340   2947.5768610702194     
         360   2918.4201911578939     
         380   2988.7323857604629     
         400   3015.0841361529706     
         420   2996.4634851317473     
         440   3001.5429419211468     
         460   2984.5742224786436     
         480   2982.6735020509659     
         500   2953.5003852842378     
         520   2890.7960885174252     
         540   2973.2679656265582     
         560   2968.3139349840835     
         580   2920.4429115528123     
         600   2899.5681999257195     
         620   2643.4539228667927     
         640   2741.1475356411347     
         660   2802.0936000582942     
         680   2761.4749578839615     
         700   2692.9228106233504     
         720   2596.2879968015291     
         740   3179.1981050480426     
         760   4989.0857271683399     
         780   4382.0482737367920     
         800   3496.4284256801661     
         820   2251.4285513395616     
         840   2222.4523627942331     
         860   2340.2986646383811     
         880   4404.2951887917270     
         900   3723.1070155450484     
         920   2189.7104010341727     
         940   2047.6835773628986     
         960   2034.2685628846891     
         980   2009.6896903820304     
        1000   2763.5149890530515     
