  20    360.5078
  40    580.1552
  60    660.4061
  80    808.8119
 100    687.0642
 120    937.1566
 140   1199.9480
 160   1406.5029
 180   1476.3900
 200   1458.3374
 220   1432.4215
 240   1428.5272
 260   1424.4168
 280   1439.9697
 300   1422.5912
 320   1055.1627
 340   1070.6859
 360   1227.7354
 380   1420.8289
 400   1138.4267
 420    899.1594
 440   1401.3255
 460   1287.8346
 480   1137.8614
 500   1274.3776
 520    842.5433
 540    522.7762
 560    354.6271
 580   1387.9814
 600   1405.9864
 620   1383.4362
 640   1005.0558
 660   1380.6163
 680   1398.2204
 700   1373.2853
 720   1366.4656
 740   1298.0992
 760   1364.5857
 780   1423.5470
 800   1298.8067
 820   1413.6474
 840   1418.9704
 860   1397.5524
 880   1388.9600
 900   1356.0902
 920   1398.9911
 940   1427.4069
 960   1049.6303
 980   1419.3857
1000   1425.4882
