  20     98.6534
  40    722.3396
  60    979.2579
  80   1283.5820
 100   1548.0986
 120   1303.1821
 140   1635.1899
 160   1756.3369
 180   1588.5092
 200   2055.4215
 220   2568.1780
 240   2711.8712
 260   2814.7959
 280   2400.8200
 300   1930.3714
 320   2250.6971
 340   2477.8816
 360   2309.0918
 380   2725.2220
 400   2318.9065
 420   2728.7670
 440   2407.5030
 460   2443.4369
 480   2366.1904
 500   2324.8095
 520   1578.1874
 540   1017.8904
 560    703.1819
 580   2315.5066
 600   2292.8734
 620   2300.0631
 640   1805.3021
 660   2620.9590
 680   2738.2794
 700   2300.3322
 720   2643.5694
 740   2242.7962
 760   2612.3717
 780   2766.7201
 800   2202.9195
 820   2355.0296
 840   2729.9927
 860   2391.1104
 880   2769.5411
 900   2646.7960
 920   2668.5580
 940   2751.5781
 960   2080.5244
 980   2736.5021
1000   2707.3214
