  20     49.1898
  40    424.0343
  60    793.9125
  80   1125.6846
 100   1416.4024
 120   1709.8356
 140   1930.8878
 160   1616.4113
 180   1974.6982
 200   2533.0535
 220   2792.2319
 240   2271.9838
 260   3577.3652
 280   3745.2734
 300   3807.4735
 320   3238.4004
 340   3940.5872
 360   4018.5406
 380   3962.1975
 400   3875.4077
 420   4015.5165
 440   4094.5943
 460   4023.9669
 480   3531.4603
 500   3644.3892
 520   4307.1018
 540   4142.9328
 560   4084.9351
 580   4010.8789
 600   4064.2883
 620   4032.3243
 640   2957.9205
 660   4009.2795
 680   3627.4675
 700   3907.6198
 720   3863.4467
 740   3743.7480
 760   4019.9527
 780   3506.5066
 800   3857.8349
 820   3936.0005
 840   3906.1925
 860   3616.3905
 880   3597.0724
 900   3677.3569
 920   3789.4270
 940   3987.6192
 960   3072.3555
 980   4022.0435
1000   3951.6573
