  20     41.4813
  40    396.7994
  60    611.1898
  80    814.5647
 100   1150.7236
 120   1966.1298
 140   1959.9244
 160   1657.4069
 180   2093.1603
 200   2491.1733
 220   2739.8815
 240   2061.2844
 260   3416.1256
 280   4045.8533
 300   4722.5865
 320   4287.0810
 340   5112.1060
 360   5293.0250
 380   5240.7429
 400   5070.0988
 420   5320.5487
 440   5418.5963
 460   5205.9476
 480   4735.7136
 500   4884.5896
 520   3180.0591
 540   2037.5104
 560   5379.1973
 580   5310.4819
 600   5383.3950
 620   5306.8935
 640   3829.9057
 660   5072.9707
 680   4965.8629
 700   4986.3576
 720   4807.7262
 740   4871.2959
 760   5175.6034
 780   5358.1298
 800   5038.5601
 820   5158.8946
 840   4967.9958
 860   5128.0059
 880   5055.0058
 900   5046.4837
 920   5030.5858
 940   5267.5662
 960   4069.3994
 980   5356.4156
1000   5347.8845
