  20     36.4517
  40    330.3640
  60    676.5555
  80    733.2779
 100    939.5330
 120   1228.5080
 140   1384.9590
 160   1511.9924
 180   1654.8570
 200   1894.1500
 220   2155.5744
 240   1948.3326
 260   2965.8651
 280   2614.7051
 300   2741.7724
 320   6787.7381
 340   5340.9519
 360   8256.4540
 380   9698.2071
 400   9458.5088
 420   9945.6936
 440  10167.1268
 460  10002.8205
 480   9001.2472
 500   9366.3202
 520   6363.6486
 540   4029.3270
 560   2762.3063
 580   2095.6866
 600   2968.4403
 620   2537.0734
 640   2329.3217
 660  10213.1363
 680  10412.7964
 700   9041.8191
 720   9000.7963
 740   8407.1362
 760   8488.1400
 780   3735.5908
 800   7304.2729
 820   6221.5243
 840   8994.1610
 860   9437.4059
 880   9275.4804
 900   8412.8261
 920   9438.0613
 940   9885.4897
 960   7615.7440
 980  10602.1950
1000  10863.2001
